0.996420818 0.084473437 0.003129270 -0.017729528 -0.084439705 0.996381558 -0.009681255 -0.054982861 -0.003935756 0.009382370 0.999948239 -0.031765529
0.995317124 0.096413097 -0.006952515 -0.081967718 -0.096508618 0.995218470 -0.015042698 -0.097413439 0.005468959 0.015643232 0.999862680 2.027977790
0.992823272 0.114698781 -0.033854690 -0.242667020 -0.115164717 0.993272184 -0.012143144 -0.198453108 0.032234118 0.015954862 0.999352993 6.597103166
0.990850504 0.127376853 -0.044614079 -0.471936759 -0.127926598 0.991736396 -0.009680208 -0.290399369 0.043012371 0.015298967 0.998957395 10.725122778
0.987956352 0.145381403 -0.052976349 -0.805013487 -0.146345875 0.989122992 -0.014784870 -0.388343208 0.050250680 0.022359676 0.998486311 15.915284526
0.985781491 0.157978253 -0.057251399 -1.046885657 -0.159071485 0.987152491 -0.015040675 -0.484595290 0.054139762 0.023933884 0.998246490 19.521854333
0.983255358 0.174421105 -0.052784273 -1.306974200 -0.174955595 0.984560143 -0.005644840 -0.561129578 0.050984712 0.014785223 0.998589984 23.243443708
0.981335928 0.186134430 -0.048309121 -1.569036073 -0.187162638 0.982169947 -0.017673206 -0.636541991 0.044158175 0.026385015 0.998676067 27.949474254
0.981145697 0.186530272 -0.050592272 -1.775720624 -0.187466153 0.982165665 -0.014389168 -0.756655681 0.047005977 0.023602209 0.998615729 31.817840204
0.977956074 0.201030241 -0.056469099 -2.095820468 -0.202057614 0.979286612 -0.013055770 -0.873397405 0.052674828 0.024177981 0.998318981 36.786293116
0.973580233 0.221166356 -0.056806448 -2.409339830 -0.221948238 0.975027526 -0.007765543 -0.992554632 0.053670373 0.020168470 0.998355009 41.725560783
0.969645971 0.236729374 -0.061203719 -2.721708379 -0.237833015 0.971240103 -0.011318973 -1.104084302 0.056763973 0.025531661 0.998061113 46.640635721
0.967176127 0.246216636 -0.062830785 -3.045262001 -0.247248186 0.968909582 -0.009086084 -1.234234657 0.058640205 0.024322641 0.997982833 51.456192665
0.967628011 0.244093973 -0.064141755 -3.440048825 -0.244497062 0.969648698 0.001608906 -1.337355059 0.062587694 0.014125648 0.997939500 57.108444947
0.962568353 0.260938199 -0.073303631 -3.799862899 -0.262380260 0.964906182 -0.010614113 -1.388215713 0.067961499 0.029450235 0.997253187 61.699809585
0.959893361 0.269215544 -0.078279799 -4.175717966 -0.270269459 0.962780061 -0.002995694 -1.528131523 0.074559742 0.024032186 0.996926928 66.027750577
0.954435262 0.285209639 -0.087799727 -4.871962943 -0.286575425 0.958052681 -0.003096046 -1.635890403 0.083233742 0.028116220 0.996133336 72.746349937
0.959274202 0.279966937 -0.037570199 -5.369766379 -0.280587643 0.959749512 -0.012306477 -1.780446891 0.032612574 0.022347019 0.999218210 78.996733480
0.891571783 0.281123751 0.355062237 -4.460094288 -0.255517033 0.959560508 -0.118129917 -2.267076528 -0.373912826 0.014596851 0.927348980 83.659897821
0.650609357 0.278088510 0.706664167 -2.683469803 -0.181195956 0.960510065 -0.211159750 -2.890901534 -0.737479145 0.009337820 0.675305350 85.529821860
0.351514843 0.271735403 0.895877886 -0.436944984 -0.075450226 0.962058188 -0.262204703 -3.603221499 -0.933136956 0.024574656 0.358680230 86.527575557
0.175048557 0.287668841 0.941596857 1.723760637 -0.041964093 0.957674154 -0.284779265 -4.285053464 -0.983665094 0.010336941 0.179711241 87.010640058
0.080893753 0.290924832 0.953319958 4.350843082 -0.013999311 0.956691802 -0.290765910 -5.122824554 -0.996624413 0.010175324 0.081463138 87.175021203
0.043277122 0.292781491 0.955199502 6.900665239 0.003248990 0.956048962 -0.293189064 -5.933338409 -0.999057824 0.015791813 0.040423804 87.277018125
0.025825949 0.292174667 0.956016205 9.858608962 0.009517104 0.956219985 -0.292494042 -6.878353114 -0.999621151 0.016652441 0.021914632 87.333913945
0.049129415 0.284577335 0.957393357 15.461402011 0.007143144 0.958426258 -0.285250913 -8.669516431 -0.998766878 0.020853009 0.045054145 87.529028810
0.052045072 0.291529202 0.955145033 20.835920740 -0.026069761 0.956511932 -0.290525887 -10.467402564 -0.998304402 -0.009779962 0.057381829 87.911567363
0.042306364 0.288586924 0.956518562 25.509975320 -0.043854577 0.956989378 -0.286789305 -12.030351320 -0.998141747 -0.029814704 0.053142599 88.258008916
0.006645197 0.282089552 0.959365064 29.376292623 -0.049230730 0.958315164 -0.281439837 -13.294857701 -0.998765326 -0.045360020 0.020255668 88.483868989
-0.046940551 0.278541637 0.959276363 33.151926293 -0.040902850 0.958993521 -0.280461020 -14.514269910 -0.998059889 -0.052402132 -0.033622538 88.455054770
-0.088833491 0.281899381 0.955322642 36.163045181 -0.032895974 0.957760952 -0.285677814 -15.463545395 -0.995503122 -0.056804026 -0.075807894 88.292276368
-0.129926995 0.278579996 0.951584028 40.378414511 -0.016511004 0.958978076 -0.282999005 -16.832082542 -0.991386082 -0.052480818 -0.119997505 87.806005158
-0.119521840 0.280858405 0.952277841 44.701094204 -0.023257451 0.958098223 -0.285494108 -18.268281928 -0.992559127 -0.056270337 -0.107981612 87.262200256
0.137760861 0.277772070 0.950717951 49.585832022 -0.120595361 0.957432400 -0.262259336 -19.891707680 -0.983096488 -0.078523103 0.165394735 87.482689788
0.396895237 0.285768549 0.872244523 51.728747677 -0.197439680 0.954632923 -0.222920514 -20.448115547 -0.896377010 -0.083739590 0.435311311 88.431559304
0.562795491 0.306907054 0.767508498 52.774489489 -0.249461930 0.948286061 -0.196270963 -20.654967021 -0.788054554 -0.081003739 0.610252746 89.299884317
0.748159551 0.307192961 0.588123941 53.885756722 -0.297971787 0.947517387 -0.115860329 -20.879134564 -0.592849137 -0.088562330 0.800429019 90.732443049
0.857864133 0.315324228 0.405758254 54.573025119 -0.334401692 0.942095685 -0.025124261 -20.962836066 -0.390185388 -0.114133044 0.913635054 92.387309792
0.904998744 0.335256595 0.261878384 55.317156016 -0.354853353 0.934439486 0.030032407 -20.893624088 -0.234640940 -0.120107713 0.964633488 95.208529499
0.893610732 0.371377804 0.252068218 56.320576466 -0.386257685 0.922331884 0.010435363 -20.737475901 -0.228615092 -0.106688439 0.967653201 99.429862151
0.886001323 0.370671587 0.278575360 57.323899966 -0.390675808 0.920354023 0.017913273 -20.679648948 -0.249748012 -0.124703838 0.960247303 103.067159097
0.884218165 0.380542384 0.270824168 58.230502161 -0.399112360 0.916781375 0.014873961 -20.610262915 -0.242626381 -0.121241099 0.962513914 106.408252693
0.880346846 0.399601367 0.255554648 59.181613174 -0.416054676 0.909267420 0.011457110 -20.489515687 -0.227789239 -0.116410937 0.966726723 110.047326863
0.883512618 0.392190276 0.256109822 59.983782762 -0.410631801 0.911567218 0.020657458 -20.292486513 -0.225359664 -0.123417962 0.966426939 114.061766639
0.865685638 0.421817902 0.269551541 61.217788036 -0.440854603 0.897506878 0.011341169 -20.134615909 -0.237140454 -0.128650925 0.962919179 119.805981349
0.864524147 0.417600783 0.279656190 62.566804276 -0.437772042 0.899020595 0.010844734 -20.060240885 -0.246887905 -0.131801196 0.960038961 124.788965445
0.865107513 0.419947980 0.274285775 63.689218171 -0.435063585 0.900377514 -0.006325306 -20.033355293 -0.249617043 -0.113859683 0.961627425 128.819159173
0.860280722 0.428650978 0.275998947 64.576953664 -0.447444427 0.894293226 0.005754182 -19.964262337 -0.244357453 -0.128444402 0.961140713 131.995113257
0.861436154 0.437751303 0.257490871 65.673891231 -0.453001112 0.891509944 -0.000109148 -19.917171424 -0.229603452 -0.116549626 0.966280725 135.874481388
0.854389293 0.456673452 0.247928003 66.836102955 -0.472442386 0.881349116 0.004682703 -19.853152978 -0.216372661 -0.121132548 0.968767143 140.561196490
0.860941750 0.453294113 0.230876048 67.581409202 -0.470153603 0.882338044 0.020860650 -19.791456853 -0.194254711 -0.126507011 0.972759520 143.720333114
0.862428907 0.465854984 0.197978568 68.588193081 -0.479863556 0.876930635 0.026900360 -19.639343274 -0.161081804 -0.118202347 0.979837159 148.425087132
0.860616267 0.484747308 0.156075909 69.344607159 -0.497224545 0.866070585 0.051860324 -19.428180678 -0.110033602 -0.122236611 0.986382693 153.361149716
0.859026589 0.493108646 0.137539748 69.775406083 -0.505101303 0.860142962 0.070899638 -19.210818727 -0.083342622 -0.130376180 0.987955494 156.718486647
0.850101491 0.512542286 0.120945694 70.131216286 -0.522268903 0.850002011 0.068787890 -18.967188174 -0.067547381 -0.121642863 0.990272874 160.019334492
0.855651592 0.507635352 0.100830067 70.559920552 -0.515460533 0.853362338 0.077930473 -18.651330782 -0.046484319 -0.118655254 0.991846832 164.095127178
0.861155221 0.501500333 0.083121003 70.842170120 -0.507969126 0.855204143 0.102923472 -18.350884254 -0.019469270 -0.130855989 0.991210199 167.383982887
0.871138665 0.488688287 0.047970660 71.082057560 -0.490915872 0.864587066 0.107195209 -17.969932970 0.010910231 -0.116931450 0.993080059 171.536925787
0.861800186 0.505219427 0.045318538 71.137679699 -0.506560342 0.852540186 0.128731703 -17.667914852 0.026401882 -0.133897580 0.990643417 174.073664203
0.855584731 0.516822111 0.029490222 71.180065890 -0.516439251 0.848261804 0.117228037 -17.261098782 0.035570613 -0.115528426 0.992667071 177.487893421
0.865424003 0.500681430 0.018957855 71.270231230 -0.499515373 0.859222703 0.110547448 -16.667492517 0.039060035 -0.105140155 0.993690023 182.568231493
0.861374546 0.507502085 0.021806564 71.253941335 -0.506233464 0.854090896 0.119400258 -16.161232696 0.041971092 -0.113887555 0.992606696 186.765705099
0.852043253 0.522710245 0.028218693 71.187112496 -0.521727239 0.843572713 0.127223288 -15.767938008 0.042696397 -0.123122205 0.991472612 190.081147572
0.846237112 0.532322748 0.022698942 71.197169104 -0.530900750 0.838844698 0.120349350 -15.491405803 0.045023810 -0.113894971 0.992472061 192.455823173
0.839014225 0.543255654 0.030470070 71.214407372 -0.541784975 0.828948036 0.138975516 -15.189741121 0.050241130 -0.133110661 0.989826945 194.849077180
0.832905943 0.552735681 0.027403597 71.229527879 -0.551168627 0.824051500 0.130966676 -14.896002717 0.049807980 -0.124186925 0.991007958 197.118281870
0.827211297 0.560838700 0.034371813 71.303985611 -0.560720026 0.819994372 0.114901181 -14.500665536 0.036256336 -0.114320519 0.992782099 200.527788034
0.809617213 0.582987446 0.068158682 71.548353109 -0.586905474 0.805624777 0.080688809 -14.062962228 -0.007869760 -0.105329752 0.994406210 205.046487481
0.807623588 0.581741540 0.096544919 71.946354759 -0.588999753 0.803749250 0.084062087 -13.764144977 -0.028695498 -0.124755458 0.991772476 209.501216741
0.796087878 0.600175485 0.077675462 72.228215185 -0.604932005 0.792860177 0.073688594 -13.452522680 -0.017359693 -0.105650969 0.994251736 213.358216788
0.790395388 0.606613105 0.085414701 72.417564388 -0.612595884 0.782943832 0.108283144 -13.211165202 -0.001188940 -0.137911192 0.990443885 216.081504286
0.795742734 0.601449187 0.071080068 72.681087520 -0.605562442 0.788334814 0.108730626 -12.842425853 0.009361055 -0.129565026 0.991526739 220.160445126
0.800491944 0.595949095 0.063697132 72.847406198 -0.599204688 0.793486591 0.106455496 -12.623931201 0.012899236 -0.123384387 0.992275115 222.942572432
0.799917518 0.597078166 0.060246402 72.984283037 -0.599929503 0.793175143 0.104679438 -12.387809707 0.014715859 -0.119878510 0.992679498 225.662880872
0.795041366 0.604038535 0.055196686 73.097428066 -0.606370874 0.789258666 0.096876836 -12.155559534 0.014952879 -0.110490755 0.993764663 228.347471597
0.795804705 0.602377154 0.061940585 73.247824912 -0.605297645 0.788324006 0.110272492 -11.871992037 0.017596380 -0.125247858 0.991969426 230.847152181
0.804425058 0.593395265 -0.027971147 73.297201825 -0.582018206 0.796682811 0.162945720 -11.418268766 0.118975351 -0.114797903 0.986238464 234.460491849
0.762805860 0.610124169 -0.214186176 72.805001745 -0.547695905 0.785706407 0.287566753 -10.740483908 0.343738877 -0.102048713 0.933503961 237.121187294
0.611570305 0.657990060 -0.439352755 71.694672738 -0.472478434 0.749146297 0.464267117 -9.579188321 0.634622637 -0.076347281 0.769041742 239.154317056
0.482865196 0.685337489 -0.545118087 70.748319110 -0.373110836 0.724180215 0.579958033 -8.661941459 0.792230715 -0.076652084 0.605388265 240.099892546
0.307497022 0.674294498 -0.671395942 69.418897764 -0.194061256 0.735192043 0.649486635 -7.421924916 0.931550219 -0.069423266 0.356923801 240.854374779
0.131877268 0.674584658 -0.726322191 67.727021714 -0.049439641 0.736285955 0.674861997 -5.927263163 0.990032377 -0.053089849 0.130450604 241.138471760
0.058914234 0.669489812 -0.740481266 66.626672005 0.000968973 0.741730983 0.670696810 -4.889616881 0.998262578 -0.040231095 0.043049795 241.132645949
-0.001850628 0.664107320 -0.747634966 65.086384564 0.029524468 0.747346605 0.663778093 -3.458897847 0.999562345 -0.020845118 -0.020990476 241.030180922
-0.014777949 0.662179113 -0.749199863 61.747957263 0.029128422 0.749248781 0.661647791 -0.521789462 0.999466431 -0.012045212 -0.030360592 240.811910307
-0.015551197 0.658627016 -0.752308856 58.894681914 0.017602676 0.752463575 0.658398598 2.023649866 0.999724115 -0.003003763 -0.023295307 240.671199894
-0.012423231 0.663527240 -0.748048973 55.692946158 0.010031310 0.748151761 0.663451819 4.862213450 0.999872510 0.000738304 -0.015950509 240.550053874
-0.019160192 0.659018274 -0.751882838 52.366504605 0.005648047 0.752080233 0.659047360 7.864075709 0.999800473 0.008380804 -0.018132168 240.427765896
-0.030546824 0.666922492 -0.744500693 49.728821048 0.007779336 0.744984357 0.667036573 10.305950515 0.999503063 0.014584127 -0.027945121 240.295110112
-0.046034400 0.659442210 -0.750344458 47.149263202 0.003974610 0.751255744 0.659999249 12.645357264 0.998931948 0.027400343 -0.037204633 240.153213576
-0.061693111 0.650177349 -0.757273646 44.573845659 -0.012701510 0.758146020 0.651961107 14.916191885 0.998014344 0.049840028 -0.038514152 240.002579986
-0.058897908 0.649742934 -0.757868825 42.041792101 -0.020620472 0.758232919 0.651657607 17.131892883 0.998051017 0.054008882 -0.031260327 239.879558276
-0.046899822 0.648766254 -0.759541147 39.538625240 -0.021087499 0.759565369 0.650089045 19.298313430 0.998676987 0.046505884 -0.021942622 239.716660064
-0.052979004 0.654706110 -0.754024625 36.391935634 -0.024524565 0.754004253 0.656411557 21.996781859 0.998294431 0.053268156 -0.023890012 239.548359274
-0.077309258 0.647683523 -0.757977132 33.370345205 -0.025696577 0.758705478 0.650926788 24.552414774 0.996675958 0.069800084 -0.042011708 239.298104119
-0.097638344 0.654121550 -0.750061165 30.847495366 -0.028158516 0.751544746 0.659080869 26.512174208 0.994823528 0.085472174 -0.054960493 239.007104607
-0.111261171 0.657424600 -0.745260925 28.378653820 -0.036273648 0.746730774 0.664136563 28.325395978 0.993128982 0.100925945 -0.059234952 238.776107751
-0.112232275 0.665423793 -0.737980414 25.052723181 -0.048592761 0.738108783 0.672929542 30.851692893 0.992493154 0.111384919 -0.050504848 238.480331740
-0.097799052 0.668590974 -0.737171252 22.229681453 -0.060009194 0.735412577 0.674957212 33.133154011 0.993395310 0.110247228 -0.031801047 238.309880754
-0.070077515 0.677598251 -0.732085891 19.169581863 -0.083074910 0.727376519 0.681191573 35.631751491 0.994076306 0.108554182 0.005318675 238.245428341
0.091559439 0.667772802 -0.738712633 14.088140485 -0.207483463 0.738340281 0.641719754 39.834486395 0.973944291 0.094515155 0.206153835 238.869189101
0.497664814 0.684143864 -0.533176243 11.374873943 -0.537511777 0.725698920 0.429467306 41.857921661 0.680742846 0.072857743 0.728890202 241.290047431
0.657810618 0.687663470 -0.307252573 10.445528465 -0.661025078 0.722632447 0.202109360 42.426439814 0.361013902 0.070151973 0.929918095 243.691893639
0.704703767 0.693403430 -0.150280685 9.960960012 -0.696576012 0.716413864 0.039154004 42.571517244 0.134812686 0.077089946 0.987867744 246.335345546
0.714694741 0.696588261 -0.063057293 9.608017208 -0.699288448 0.713488594 -0.043928261 42.453697799 0.014390748 0.075490533 0.997042670 250.124819882
0.707700152 0.705140475 -0.044015955 9.346557318 -0.706400963 0.705104476 -0.061849474 42.176267242 -0.012576720 0.074863795 0.997114456 254.434801440
0.697839819 0.714171052 -0.054582923 9.048832269 -0.716176733 0.694617361 -0.067805670 41.865246927 -0.010510601 0.086408516 0.996204344 259.265916693
0.691457049 0.721281956 -0.040490615 8.763827235 -0.722307019 0.689283927 -0.056216003 41.600551062 -0.012638058 0.068117607 0.997597249 263.656023915
0.684009909 0.727264832 -0.056712503 8.429538616 -0.729402689 0.680796948 -0.066986807 41.335454837 -0.010107450 0.087185893 0.996140783 268.335749125
0.675247888 0.735994183 -0.048506213 8.100474138 -0.737479254 0.672540175 -0.061758099 41.041340009 -0.012831225 0.077474352 0.996911774 273.299299549
0.670517119 0.740165546 -0.050613809 7.746602299 -0.741833962 0.668032388 -0.058438862 40.732281215 -0.009442769 0.076731300 0.997007092 278.464552226
0.661690084 0.747016623 -0.064283725 7.411526341 -0.749760639 0.658664593 -0.063402980 40.462327994 -0.005021667 0.090150530 0.995915491 282.719190890
0.645184680 0.761884719 -0.057169956 6.983287543 -0.764026160 0.643290334 -0.049412280 40.139129176 -0.000869581 0.075559388 0.997140924 287.952384331
0.638004849 0.767159107 -0.066458388 6.575127696 -0.770029316 0.635379661 -0.057857914 39.846660664 -0.002159917 0.088088537 0.996110307 293.090905839
0.623521986 0.779472080 -0.060362324 6.234955319 -0.781786392 0.621101052 -0.055168113 39.571062818 -0.005510901 0.081588975 0.996650826 297.114591918
0.608559690 0.791711891 -0.053360899 6.006150980 -0.793453513 0.606351608 -0.052623659 39.405739719 -0.009307310 0.074364030 0.997187728 300.105749090
0.588909740 0.805728548 -0.063141309 5.595985691 -0.808067417 0.585605576 -0.063977796 39.126536664 -0.014572835 0.088699582 0.995951814 305.072767563
0.576794896 0.814754232 -0.059018559 5.185245063 -0.816720102 0.573699493 -0.061944861 38.798110525 -0.016610920 0.083931124 0.996333099 310.118011105
0.567959284 0.820996230 -0.058201732 4.883926714 -0.822793654 0.564568931 -0.065364553 38.521863664 -0.020805162 0.085012420 0.996162654 314.222308316
0.557289004 0.828061261 -0.061184261 4.654902954 -0.829952013 0.553339172 -0.070678264 38.318536799 -0.024670284 0.090168220 0.995620947 317.289687176
0.549157921 0.833902037 -0.055072408 4.328849680 -0.835307706 0.545628638 -0.067456841 37.999304374 -0.026203314 0.083046865 0.996201086 321.507866023
0.541504023 0.838990784 -0.053552389 4.036026277 -0.840222769 0.537956810 -0.068030641 37.698113975 -0.028268209 0.081834802 0.996244937 325.738698474
0.536966930 0.841866011 -0.054112254 3.726600177 -0.843116353 0.533372708 -0.068325472 37.392045682 -0.028658893 0.082311445 0.996194506 329.986005167
0.536737931 0.841765808 -0.057816238 3.330359637 -0.843262398 0.532840644 -0.070635523 37.027754599 -0.028651727 0.086667024 0.995825238 335.220345935
0.537197099 0.841906497 -0.051114841 2.910957309 -0.843069029 0.534125996 -0.062801526 36.686251346 -0.025571247 0.076830137 0.996716229 340.280954567
0.531833467 0.844854738 -0.058083002 2.595956891 -0.846529386 0.528496755 -0.063868447 36.428763148 -0.023262882 0.083136346 0.996266624 344.213263207
0.521915590 0.850764485 -0.061675822 2.254211765 -0.852695241 0.518441752 -0.064257099 36.153087316 -0.022692336 0.086127462 0.996025661 348.830392905
0.521160506 0.851895942 -0.051623945 1.767704811 -0.852611386 0.516995119 -0.075959665 35.637728434 -0.038020403 0.083602341 0.995773618 356.036262266
0.513333062 0.854533599 -0.079129609 1.263517863 -0.858073975 0.509564801 -0.063661347 35.125136223 -0.014079097 0.100578532 0.994829502 362.841795034
0.426671977 0.865877364 -0.261165494 0.311782430 -0.814665354 0.493371277 0.304803450 35.905680527 0.392773961 0.082711389 0.915907987 367.515125063
0.281586544 0.873707416 -0.396666572 -0.734008211 -0.622898885 0.480892559 0.617040781 37.634035759 0.729867109 0.073332785 0.679644249 369.766377205
0.129091745 0.865691999 -0.483645206 -1.822079571 -0.383584023 0.493352512 0.780683416 39.493813744 0.914438964 0.084738789 0.395753357 370.865666829
0.024083007 0.870157807 -0.492184316 -2.593204073 -0.232273048 0.483724687 0.843836275 40.884705975 0.972352426 0.093999037 0.213763751 371.199412059
-0.081354942 0.873171314 -0.480575936 -3.363256684 -0.133003202 0.468350683 0.873474548 42.399267478 0.987770987 0.134979609 0.078031938 371.248943030
-0.138393385 0.874313863 -0.465212360 -4.498253071 -0.078945650 0.458498801 0.885181582 44.582092896 0.987225838 0.159229768 0.005570075 371.201092695
-0.147063581 0.864368073 -0.480874347 -6.054068073 -0.078523228 0.474423693 0.876787467 47.439244368 0.986005277 0.166703311 -0.001897476 371.170331631
-0.163480074 0.860299727 -0.482865039 -7.422350052 -0.095834909 0.473286446 0.875680085 49.937444987 0.981880815 0.189431572 0.005073843 371.139867820
-0.175127676 0.859331296 -0.480499762 -8.883419362 -0.124391311 0.464818888 0.876624323 52.600258409 0.976656080 0.213291176 0.025490695 371.152334848
-0.173466398 0.861729787 -0.476792600 -11.311711687 -0.146589471 0.456146925 0.877747976 57.016485583 0.973869055 0.222152555 0.047194349 371.311804313
-0.179197322 0.858073317 -0.481246821 -13.444438462 -0.162879384 0.456538327 0.874667401 60.955792796 0.970236376 0.235123241 0.057952008 371.530206796
-0.188071761 0.857115057 -0.479565212 -15.216337133 -0.167185216 0.453213951 0.875583359 64.186965501 0.967821325 0.244848717 0.058060220 371.701121489
-0.203625383 0.854742431 -0.477443274 -16.523567236 -0.171983473 0.448849221 0.876901398 66.553203330 0.963824874 0.260671735 0.055604477 371.819357527
-0.216131515 0.850935144 -0.478744764 -17.801255586 -0.175892942 0.448377481 0.876367108 68.879951778 0.960389942 0.273618376 0.052764981 371.914703144
-0.240642984 0.849682524 -0.469180735 -19.969213345 -0.169404084 0.439199093 0.882273434 72.840755575 0.955716072 0.291794045 0.038249509 372.059727723
-0.254833664 0.844467075 -0.471099951 -22.114475595 -0.168829728 0.440846299 0.881561719 76.809173420 0.952132515 0.304187279 0.030228669 372.131141622
-0.261567319 0.840870201 -0.473835249 -24.259764398 -0.186908988 0.437505035 0.879576247 80.690486645 0.946914763 0.318632468 0.042729179 372.234560715
-0.255532390 0.838725251 -0.480877479 -26.826006734 -0.219329519 0.434131329 0.873741696 85.385249269 0.941593203 0.328739930 0.073022589 372.468744348
-0.253558452 0.835882181 -0.486835794 -28.535568158 -0.241720978 0.432564726 0.868595836 88.446710792 0.936631774 0.337918239 0.092369816 372.728926540
-0.242933217 0.836525822 -0.491129313 -31.047434344 -0.258162614 0.432282999 0.863992751 92.869743803 0.935059098 0.336683766 0.110943793 373.231026173
-0.240495236 0.836859099 -0.491761009 -33.320212487 -0.251435048 0.435627258 0.864297002 96.750941621 0.937519311 0.331505265 0.105649428 373.687572520
-0.272685246 0.834136954 -0.479435396 -36.030772522 -0.204955790 0.436518110 0.876039419 101.563644667 0.940019085 0.337146085 0.051929150 373.994385291
-0.310522062 0.822262582 -0.476927977 -38.628151055 -0.171852247 0.444901182 0.878936712 106.262669546 0.934902591 0.354890385 0.003156040 374.030184477
-0.333933929 0.817667354 -0.468943737 -40.784552481 -0.178696204 0.433563918 0.883227035 110.368555430 0.925502997 0.378737940 0.001332350 373.944003584
-0.347094620 0.809448432 -0.473622805 -42.427040871 -0.201830961 0.428713240 0.880607302 113.645400994 0.915854567 0.401245803 0.014567696 373.959937436
-0.352662604 0.815941272 -0.458114536 -43.467954014 -0.219948022 0.403572971 0.888116954 115.784678724 0.909533922 0.413967024 0.037139574 374.018522086
-0.354710834 0.795864360 -0.490693534 -44.977422234 -0.240007902 0.429726834 0.870477487 118.737984984 0.903646187 0.426538121 0.038584971 374.111392399
-0.344884031 0.785546066 -0.513782428 -48.099401053 -0.285851170 0.433467944 0.854631295 124.257580244 0.894060465 0.441613994 0.075053090 374.478856577
-0.332010039 0.793278117 -0.510371593 -50.627819891 -0.307645845 0.420412495 0.853585009 128.510261059 0.891696904 0.440412493 0.104467548 374.967597490
-0.340931784 0.795715578 -0.500601875 -53.180452558 -0.307908865 0.408615254 0.859200620 132.737571447 0.888232880 0.447068556 0.105697953 375.436637728
-0.343457248 0.792214070 -0.504414499 -55.678059279 -0.290541431 0.421113035 0.859214460 136.955731996 0.893097305 0.441656744 0.085536685 375.853179380
-0.362865129 0.785685463 -0.501026198 -57.667479033 -0.290108558 0.415700918 0.861991746 140.340782073 0.885531435 0.458138734 0.077090710 376.114678173
-0.370800554 0.786136109 -0.494466346 -59.648340559 -0.285324735 0.410240970 0.866194056 143.686005333 0.883796778 0.462268715 0.072186498 376.355936644
-0.381439092 0.787931653 -0.483392108 -61.082406253 -0.280450575 0.399640791 0.872716857 146.185379631 0.880824440 0.468455920 0.068537265 376.509865958
-0.393010456 0.778207220 -0.489832934 -62.503849878 -0.279131441 0.406595228 0.869922962 148.692355354 0.876144064 0.478616592 0.057425927 376.607816881
-0.398750133 0.783274602 -0.476947827 -64.377501113 -0.277178315 0.392820533 0.876849024 151.995446363 0.874168470 0.481843260 0.060469495 376.762509092
-0.412384632 0.774064710 -0.480377706 -66.188134328 -0.289060246 0.388876012 0.874768325 155.227002964 0.863934656 0.499599111 0.063384844 376.866171592
-0.411012817 0.775766610 -0.478805421 -68.528232179 -0.296023151 0.383184925 0.874951203 159.269176897 0.862228948 0.501353648 0.072150961 377.093474595
-0.413187405 0.772636523 -0.481984411 -71.087852396 -0.304986986 0.381301406 0.872692487 163.894683410 0.858055422 0.507584516 0.078095146 377.429214640
-0.400893318 0.778276142 -0.483291624 -73.401501467 -0.297622237 0.388282867 0.872156763 167.890650081 0.866432658 0.493480153 0.075972280 377.761425403
-0.423024189 0.766950804 -0.482531864 -75.605239910 -0.287036960 0.391678436 0.874184069 171.762722041 0.859453500 0.508305486 0.054453775 377.920858257
-0.489839867 0.766635106 -0.415123499 -77.541217857 -0.144043336 0.398448404 0.905809244 175.645599297 0.859830461 0.503497253 -0.084747235 377.838809142
-0.605097034 0.768173830 -0.209204557 -78.528612665 0.190408389 0.394774173 0.898831462 178.801576419 0.773047363 0.504045949 -0.385143422 376.794381333
-0.659138171 0.750563753 0.046807298 -78.466582961 0.515248133 0.405396080 0.755098258 181.151258495 0.547773888 0.521831458 -0.653938604 375.016447811
-0.603364248 0.740794090 0.295255315 -77.651744199 0.754935096 0.411298205 0.510790356 183.035471596 0.256952496 0.531091238 -0.807414089 372.476402898
-0.567823616 0.727450754 0.385216486 -76.506961670 0.814075958 0.426980651 0.393659572 184.206678488 0.121887966 0.537124682 -0.834649867 369.914763638
-0.538723062 0.736066327 0.409858298 -75.191458320 0.840293223 0.434399702 0.324351967 185.294994988 0.060702239 0.519137035 -0.852532684 367.055039111
-0.536246149 0.725865904 0.430765315 -73.658341878 0.843685095 0.445706100 0.299234913 186.297635310 0.025209692 0.523893845 -0.851410424 363.789486431
-0.534216602 0.714747927 0.451384563 -71.905922096 0.845347541 0.451935200 0.284854544 187.369386247 -0.000397378 0.533750856 -0.845641689 360.307310687
-0.540838113 0.711682950 0.448331924 -70.404870129 0.841046941 0.464903752 0.276594549 188.221401765 -0.011583569 0.526661067 -0.849996436 357.361830238
-0.548888966 0.703722537 0.451104749 -69.249741228 0.835833327 0.468633563 0.285946205 188.905348357 -0.010176037 0.534001100 -0.845422541 355.030952587
-0.558798493 0.695170989 0.452196351 -68.524225512 0.829236582 0.475305252 0.294026545 189.331351090 -0.010532577 0.539279347 -0.842061073 353.428790036
-0.576565733 0.680144434 0.452742205 -67.195570700 0.816944237 0.488840642 0.306001538 190.158255971 -0.013193547 0.546295136 -0.837488838 351.074735502
-0.591891081 0.668483869 0.450326842 -65.459864185 0.805912476 0.499868631 0.317232457 191.276235532 -0.013039482 0.550691083 -0.834607275 347.919175979
-0.602367566 0.665317310 0.441028561 -63.371741586 0.798174674 0.507859108 0.324031350 192.716236882 -0.008396706 0.547203804 -0.836957283 344.038992190
-0.623171155 0.649868320 0.435119384 -61.690499710 0.781952276 0.527999671 0.331311012 193.882603708 -0.014434361 0.546706058 -0.837200176 340.851084011
-0.631190427 0.647314851 0.427296301 -59.988384955 0.775600227 0.531406970 0.340662474 195.094719516 -0.006552354 0.546434000 -0.837476537 337.680512157
-0.644422161 0.633333690 0.428495642 -57.898351043 0.764560281 0.543151334 0.347036316 196.694570482 -0.012948189 0.551248642 -0.834240541 333.675837812
-0.648996752 0.631396792 0.424430568 -55.901943918 0.760448586 0.555113979 0.336996171 198.242757748 -0.022829039 0.541467046 -0.840411967 329.719328051
-0.660367233 0.623737013 0.418171323 -54.703542060 0.750581688 0.565508559 0.341799941 199.155094009 -0.023286188 0.539585219 -0.841608902 327.348273233
-0.670126738 0.620412737 0.407453299 -53.173350670 0.742017428 0.573600573 0.346976251 200.407287235 -0.018446960 0.534855513 -0.844742144 324.241944988
-0.675579996 0.612368842 0.410604519 -52.021096957 0.737002782 0.576354739 0.353046900 201.345900383 -0.020458939 0.541128096 -0.840691273 321.926879744
-0.667058725 0.618969371 0.414619796 -50.115527069 0.744494460 0.574432382 0.340228509 202.901358954 -0.027580011 0.535634536 -0.843999400 318.021104736
-0.673560244 0.605872661 0.423361448 -48.515502414 0.737770992 0.585853456 0.335365012 204.118489549 -0.044839275 0.538232335 -0.841602871 314.836743958
-0.673463667 0.609918822 0.417666996 -47.285323570 0.737718244 0.590535608 0.327168899 205.066534271 -0.047100764 0.528456929 -0.847652518 312.440049613
-0.679900552 0.601067270 0.420063539 -45.986144911 0.731558422 0.595472289 0.332016609 206.007278331 -0.050571880 0.533039295 -0.844577761 310.041696585
-0.687666611 0.598721947 0.410666121 -44.309363767 0.724579709 0.601650539 0.336156025 207.286777840 -0.045813503 0.528723613 -0.847556761 306.833513555
-0.695099606 0.592931993 0.406531904 -42.654081034 0.717798557 0.603882689 0.346541381 208.624723880 -0.040022107 0.532688792 -0.845364349 303.582568788
-0.696711335 0.590818875 0.406849324 -41.001508618 0.715768542 0.610211157 0.339584655 209.920087887 -0.047630973 0.527802426 -0.848030595 300.323103554
-0.699527575 0.584435626 0.411213048 -39.684781095 0.712300503 0.616441159 0.335601387 210.913531687 -0.057351241 0.527669685 -0.847511379 297.827587286
-0.703494575 0.582279629 0.407487197 -37.960235180 0.707683062 0.626708018 0.326223458 212.207666646 -0.065422219 0.517868221 -0.852955121 294.459558881
-0.706918078 0.580890206 0.403526208 -36.315798291 0.702958172 0.640105121 0.310024583 213.457703464 -0.078208948 0.502824028 -0.860843399 291.066579741
-0.705369685 0.574432647 0.415308008 -34.669866560 0.703861537 0.636921785 0.314498930 214.660562760 -0.083860265 0.514157344 -0.853586364 287.562474019
-0.710662913 0.571676406 0.410054035 -33.016392972 0.698735266 0.641482815 0.316652533 215.871660190 -0.082019834 0.511552427 -0.855328511 284.122162454
-0.712028556 0.574942148 0.403059378 -31.046326051 0.698422833 0.639007164 0.322297053 217.384455419 -0.072255670 0.510990578 -0.856544072 279.950273832
-0.720499183 0.567552209 0.398453783 -29.521622482 0.689507527 0.647555964 0.324423555 218.623366719 -0.073893819 0.508483789 -0.857895063 276.628041177
-0.717616208 0.568410150 0.402413815 -28.052240661 0.693015431 0.640036394 0.331787623 219.847283541 -0.068968035 0.516975159 -0.853217496 273.383030303
-0.720308885 0.569749550 0.395652070 -26.638668798 0.690023309 0.646825747 0.324783445 220.991106504 -0.070872724 0.506953551 -0.859054802 270.326248575
-0.736228130 0.559012151 0.381409956 -25.237568735 0.673267981 0.662007597 0.329326840 222.159738054 -0.068398583 0.499250795 -0.863753598 267.398611092
-0.744838435 0.555954216 0.368958827 -23.732686796 0.664808010 0.665554633 0.339215772 223.558168946 -0.056973818 0.497947728 -0.865333487 263.978917389
-0.746130493 0.562010623 0.356978077 -22.431951362 0.664047801 0.667031621 0.337800733 224.792028610 -0.048268065 0.489093934 -0.870894550 261.035573213
-0.663417238 0.576499013 0.476997334 -19.921933293 0.720461859 0.664271360 0.199194054 226.493987916 -0.202020492 0.475807155 -0.856034621 255.884023678
-0.482031658 0.571221132 0.664343208 -18.063555164 0.732286144 0.678972643 -0.052470496 226.565746494 -0.481043120 0.461196886 -0.745583630 253.711194120
-0.280213245 0.567948257 0.773896191 -16.265890773 0.690542675 0.679272950 -0.248473486 226.112813937 -0.666806832 0.464782784 -0.582533786 252.299282174
-0.049869566 0.583051396 0.810903259 -14.091730039 0.578156654 0.678899076 -0.452582510 225.070591813 -0.814400337 0.446259022 -0.370951447 251.227362691
0.152742550 0.580200738 0.800023010 -11.743680252 0.417238720 0.695977036 -0.584403812 223.436536835 -0.895869167 0.423063905 -0.135776906 250.704740018
0.280459469 0.591021469 0.756330688 -8.205864841 0.295886869 0.696350597 -0.653870634 220.439033279 -0.913122909 0.407172530 0.020422626 250.682521103
0.299780606 0.603126331 0.739168598 -4.930492161 0.279321791 0.685359689 -0.672503854 217.518515516 -0.912201143 0.408069509 0.036991216 250.823343156
0.314319030 0.592977802 0.741337221 -1.294153632 0.272586891 0.691655046 -0.668812144 214.239909547 -0.909340384 0.412299192 0.055762368 250.998613519
0.318850461 0.589524411 0.742155882 2.420673603 0.265427540 0.696155863 -0.667019666 210.821706413 -0.909880544 0.409668138 0.065493604 251.314213714
0.339985641 0.586386997 0.735227892 6.313066566 0.251910762 0.696443347 -0.671943176 207.249085831 -0.906063315 0.413662850 0.089063543 251.660014759
0.353385181 0.592493071 0.723927396 9.558380447 0.224863558 0.697369141 -0.680523814 204.229116156 -0.908050271 0.403271921 0.113209820 252.094359383
0.352347753 0.597067656 0.720667243 12.706442557 0.199519112 0.704424600 -0.681159384 201.186806927 -0.914353971 0.383791867 0.129076017 252.667256628
0.334918804 0.609431058 0.718625897 15.833283669 0.185813274 0.704977748 -0.684455844 198.158864915 -0.923743916 0.362767363 0.122869924 253.244328145
0.320724955 0.615747988 0.719715165 18.802772747 0.185140663 0.704444338 -0.685186916 195.242521608 -0.928901738 0.353005086 0.111932888 253.760494719
0.299883818 0.622497336 0.722887794 21.063368010 0.184749752 0.705520859 -0.684184074 193.102009919 -0.935915181 0.338729072 0.096568060 254.123559690
0.269512206 0.631651903 0.726896859 24.486811447 0.216043651 0.695927470 -0.684843119 189.872214688 -0.938449952 0.341615031 0.051096564 254.491427282
0.249198187 0.629359093 0.736075673 27.677599903 0.235478027 0.697866994 -0.676410938 186.961823041 -0.939388292 0.341890027 0.025706952 254.672317904
0.295300729 0.638402499 0.710802172 30.779289904 0.215389353 0.680343154 -0.700528814 184.293384285 -0.930808738 0.359965890 0.063400728 254.930216396
0.429886121 0.642929069 0.633908617 33.441312156 0.076391897 0.673676182 -0.735067807 181.485390264 -0.899645597 0.364420930 0.240489470 255.626051058
0.559811086 0.642939798 0.522723602 34.923648220 -0.101780639 0.679413014 -0.726662685 179.495009991 -0.822345578 0.353590685 0.445781761 256.720591046
0.656141193 0.654803607 0.375114611 35.784130323 -0.261066486 0.663347562 -0.701294733 178.015175239 -0.708041683 0.362218509 0.606196937 258.017625789
0.750377204 0.642320074 0.156073614 36.478141511 -0.455521755 0.673583483 -0.582052594 176.151821523 -0.478992674 0.365664072 0.798032458 260.323324916
0.740974735 0.668727665 -0.061316808 36.442972764 -0.628099413 0.657849916 -0.415601511 174.509626835 -0.237586972 0.346463271 0.907477621 263.483310809
0.727422553 0.683088325 -0.065167246 35.834108540 -0.642379832 0.644511926 -0.414671592 172.387414376 -0.241256256 0.343503593 0.907634673 268.596404996
0.688960986 0.682484970 0.244022591 36.260883004 -0.419893371 0.650254739 -0.633133739 170.196080072 -0.590781107 0.333740977 0.734571061 271.679291885
0.547341283 0.666953012 0.505560283 37.457011561 -0.128261022 0.663792162 -0.736837212 168.256084349 -0.827022751 0.338457746 0.448864928 272.925189219
0.418980685 0.667114180 0.615965792 38.624788073 0.022643799 0.670492336 -0.741570823 166.790391164 -0.907712754 0.324651657 0.265817339 273.473347560
0.324223140 0.681489842 0.656087609 40.399822979 0.120921693 0.658006549 -0.743239750 164.754429244 -0.938220283 0.320310750 0.130934045 273.884965518
0.290101503 0.678500391 0.674891352 42.594794616 0.161158260 0.660510849 -0.733316735 162.309269603 -0.943328751 0.321500603 0.082269248 274.136931104
0.276633136 0.679580898 0.679443825 44.720180363 0.161102475 0.664232974 -0.729959278 159.937471881 -0.947375375 0.311391006 0.074266687 274.412224424
0.258584938 0.687377637 0.678708932 47.134630865 0.161251659 0.662031657 -0.731923485 157.320477792 -0.952434634 0.298707330 0.060350631 274.671767479
0.244875038 0.686852702 0.684302259 49.230969715 0.163632857 0.666388413 -0.727427503 155.039032488 -0.955646642 0.290103171 0.050790218 274.850453596
0.231625053 0.691741099 0.683991292 52.002891398 0.165764445 0.664764252 -0.728430256 152.031727079 -0.958578105 0.282104134 0.039309976 275.058994085
0.216268331 0.701011013 0.679567192 53.736428330 0.159011022 0.661456413 -0.732933086 150.139393222 -0.963298242 0.266568889 0.031583597 275.179788438
0.215953721 0.695671827 0.685131155 56.084442041 0.157127322 0.667782744 -0.727583131 147.563864638 -0.963677848 0.264777108 0.034901117 275.290731803
0.219848177 0.698344650 0.681161896 58.422141901 0.144373709 0.667264726 -0.730694202 144.980583048 -0.964791693 0.258983657 0.045874326 275.444228572
0.213239203 0.703633642 0.677811729 60.145965267 0.130285006 0.667092670 -0.733493822 143.057641112 -0.968274166 0.244718343 0.050577396 275.563250331
0.203031600 0.698484155 0.686220122 61.881819950 0.115719868 0.678788995 -0.725158198 141.112419138 -0.972310178 0.226639331 0.056987121 275.728903277
0.206141130 0.706217847 0.677319855 65.333405394 0.110469543 0.670965360 -0.733213451 137.303177534 -0.972266586 0.225968664 0.060297995 276.033265410
0.196708218 0.706804415 0.679509673 67.584021456 0.104527278 0.673982830 -0.731314702 134.819049824 -0.974874313 0.214882908 0.058697620 276.259460773
0.191319321 0.704846669 0.683072537 69.213680127 0.095894621 0.679175706 -0.727684398 133.020251697 -0.976832196 0.204723067 0.062348430 276.415665834
0.190075432 0.707237966 0.680944777 72.431518945 0.086594525 0.678808937 -0.729191207 129.455527332 -0.977943106 0.197567424 0.067781966 276.742417842
0.182751625 0.708354897 0.681788225 75.459623767 0.071793968 0.682000333 -0.727819464 126.066675945 -0.980534278 0.181958472 0.073781060 277.108041988
0.164749275 0.713376568 0.681139889 78.282144484 0.061046671 0.681877449 -0.728914569 122.980692649 -0.984444503 0.161669470 0.068789551 277.546956868
0.159341087 0.712302163 0.683546667 80.531477571 0.070394025 0.682432725 -0.727550862 120.520198298 -0.984710668 0.164046346 0.058597756 277.826623286
0.125514941 0.709546828 0.693389717 83.436024887 0.095884592 0.686968944 -0.720333128 117.250535461 -0.987447287 0.156897960 0.018190258 278.007477314
0.052282618 0.701254868 0.710990955 86.540336403 0.198500438 0.690460275 -0.695602030 113.933850888 -0.978705320 0.177499911 -0.103100327 277.701369133
-0.117739231 0.710116767 0.694169756 88.556804671 0.356744490 0.682613454 -0.637786987 111.921602760 -0.926752849 0.172548686 -0.333700627 276.899407320
-0.315384971 0.709786456 0.629869436 89.919986904 0.517752246 0.684953079 -0.512612809 110.676827507 -0.795276639 0.164445939 -0.583517438 275.707824045
-0.509320496 0.706634167 0.491183048 91.182863573 0.646230204 0.690968055 -0.323959365 109.759889256 -0.568312551 0.152418176 -0.808572534 273.851933556
-0.656503159 0.707802575 0.260804750 92.343601105 0.721732245 0.689931091 -0.055656591 109.355946963 -0.219331184 0.151692470 -0.963785882 270.459564255
-0.695321643 0.702310760 0.152602126 93.041251488 0.716347402 0.694405230 0.068174597 109.528098740 -0.058087962 0.156719409 -0.985933474 266.561079360
-0.705305342 0.699704032 0.113836038 93.633142470 0.708903542 0.696066562 0.113785366 110.006834430 0.000378620 0.160952196 -0.986962131 261.936807403
